"","fitted_LFO","residual_LFO","var","year","Y_Rec","sd","fitted_LOO","residuals_loo"
"1",0.00159953716676673,0.369700462833233,"dfa",1994,0.3713,0.207673,-0.00706617415000284,0.378366174150003
"2",0.0263954116622709,0.267669588337729,"dfa",1995,0.294065,0.216216,0.0244120820802989,0.269652917919701
"3",0.0130164093394993,-0.313882409339499,"dfa",1996,-0.300866,0.299939,0.00742749606379087,-0.308293496063791
"4",0.0148482113894716,-0.0410851113894716,"dfa",1997,-0.0262369,0.251351,0.0097529609028181,-0.0359898609028181
"5",0.107884845034815,0.380174154965185,"dfa",1998,0.488059,0.196957,0.127862567937645,0.360196432062356
"6",-0.0603321939715995,0.459012193971599,"dfa",1999,0.39868,0.225575,-0.0856882409725341,0.484368240972534
"7",-0.0550095135781395,0.73297851357814,"dfa",2000,0.677969,0.176911,-0.0789311210620841,0.756900121062084
"8",-0.0706486315662899,0.0531589315662899,"dfa",2001,-0.0174897,0.249959,-0.0987849142128572,0.0812952142128572
"9",-0.0759826454892052,-0.432504354510795,"dfa",2002,-0.508487,0.287332,-0.105556421990266,-0.402930578009734
"10",0.015997914760043,-0.304794914760043,"dfa",2003,-0.288797,0.242626,0.0112125043964054,-0.300009504396405
"11",-0.00842882610148741,-0.0654704738985126,"dfa",2004,-0.0738993,0.202608,-0.0197971382699613,-0.0541021617300387
"12",0.0244781524941955,-0.947898152494196,"dfa",2005,-0.92342,0.306746,0.0219781297966676,-0.945398129796668
"13",-0.0207856348988963,0.282606634898896,"dfa",2006,0.261821,0.160438,-0.0354840539936701,0.29730505399367
"14",-0.0421942310373603,-0.76420276896264,"dfa",2007,-0.806397,0.288319,-0.0626621748895781,-0.743734825110422
"15",-0.125542231058281,0.525001231058281,"dfa",2008,0.399459,0.171487,-0.168472103121706,0.567931103121706
"16",-0.0924268568445581,-0.676513143155442,"dfa",2009,-0.76894,0.307697,-0.126432277714509,-0.64250772228549
"17",-0.00111561730124514,0.476049617301245,"dfa",2010,0.474934,0.225107,-0.0105130510917177,0.485447051091718
"18",0.233575915700564,0.137724084299436,"X",1994,0.3713,0.207673,0.235211729832256,0.136088270167744
"19",0.201818294617579,0.0922467053824208,"X",1995,0.294065,0.216216,0.197153620405747,0.096911379594253
"20",0.170060673534713,-0.470926673534713,"X",1996,-0.300866,0.299939,0.159340045805379,-0.460206045805379
"21",0.138303052452124,-0.164539952452124,"X",1997,-0.0262369,0.251351,0.122115459814742,-0.148352359814742
"22",0.106545431369988,0.381513568630012,"X",1998,0.488059,0.196957,0.0858923818297445,0.402166618170256
"23",0.0747878102884768,0.323892189711523,"X",1999,0.39868,0.225575,0.0510996817529604,0.34758031824704
"24",0.0430301892077349,0.634938810792265,"X",2000,0.677969,0.176911,0.0181449455546325,0.659824054445368
"25",0.011272568127872,-0.028762268127872,"X",2001,-0.0174897,0.249959,-0.0126120018225023,-0.00487769817749773
"26",-0.0204850529510442,-0.488001947048956,"X",2002,-0.508487,0.287332,-0.0408770265592814,-0.467609973440719
"27",-0.0522426740289907,-0.236554325971009,"X",2003,-0.288797,0.242626,-0.0664332786422733,-0.222363721357727
"28",-0.0840002951059906,0.0101009951059906,"X",2004,-0.0738993,0.202608,-0.0891482016570929,0.0152489016570929
"29",-0.115757916182111,-0.807662083817889,"X",2005,-0.92342,0.306746,-0.108977227992923,-0.814442772007077
"30",-0.147515537257463,0.409336537257463,"X",2006,0.261821,0.160438,-0.12596492526058,0.38778592526058
"31",-0.17927315833219,-0.62712384166781,"X",2007,-0.806397,0.288319,-0.14024384987445,-0.66615315012555
"32",-0.211030779406463,0.610489779406463,"X",2008,0.399459,0.171487,-0.152030851847965,0.551489851847965
"33",-0.24278840048046,-0.52615159951954,"X",2009,-0.76894,0.307697,-0.161620065000286,-0.607319934999714
"34",-0.274546021554338,0.749480021554338,"X",2010,0.474934,0.225107,-0.169371314274152,0.644305314274152
"35",0.0260440586560398,0.34525594134396,"BeutiSTIpjuv",1994,0.3713,0.207673,-0.0167939909076469,0.388093990907647
"36",0.0765191608155121,0.217545839184488,"BeutiSTIpjuv",1995,0.294065,0.216216,0.0173201203288018,0.276744879671198
"37",-0.358847170577392,0.0579811705773916,"BeutiSTIpjuv",1996,-0.300866,0.299939,-0.272441701787655,-0.0284242982123447
"38",0.0478258212076969,-0.0740627212076969,"BeutiSTIpjuv",1997,-0.0262369,0.251351,-0.00216401827283734,-0.0240728817271627
"39",0.142926309232399,0.345132690767601,"BeutiSTIpjuv",1998,0.488059,0.196957,0.0676410690706351,0.420417930929365
"40",0.0579319071417454,0.340748092858255,"BeutiSTIpjuv",1999,0.39868,0.225575,0.00466411756159056,0.394015882438409
"41",0.0910199416718539,0.586949058328146,"BeutiSTIpjuv",2000,0.677969,0.176911,0.0518000235358577,0.626168976464142
"42",-0.0920620922300746,0.0745723922300746,"BeutiSTIpjuv",2001,-0.0174897,0.249959,-0.0338813255358259,0.0163916255358259
"43",0.107298657608158,-0.615785657608158,"BeutiSTIpjuv",2002,-0.508487,0.287332,0.0587887663157169,-0.567275766315717
"44",-0.161685906032126,-0.127111093967874,"BeutiSTIpjuv",2003,-0.288797,0.242626,-0.141418168902344,-0.147378831097656
"45",0.129810496316651,-0.203709796316651,"BeutiSTIpjuv",2004,-0.0738993,0.202608,0.0675463934574607,-0.141445693457461
"46",0.029816169743086,-0.953236169743086,"BeutiSTIpjuv",2005,-0.92342,0.306746,-0.0142674242849233,-0.909152575715077
"47",-0.0599859731649769,0.321806973164977,"BeutiSTIpjuv",2006,0.261821,0.160438,-0.0740078822529591,0.335828882252959
"48",-0.0991583680165957,-0.707238631983404,"BeutiSTIpjuv",2007,-0.806397,0.288319,-0.0999636143667434,-0.706433385633257
"49",-0.066423007838873,0.465882007838873,"BeutiSTIpjuv",2008,0.399459,0.171487,-0.021626764906151,0.421085764906151
"50",-0.217407733575093,-0.551532266424907,"BeutiSTIpjuv",2009,-0.76894,0.307697,-0.093787475189399,-0.675152524810601
"51",-0.0018681709580117,0.476802170958012,"BeutiSTIpjuv",2010,0.474934,0.225107,-0.0354238725758051,0.510357872575805
"52",0.0181183178107121,0.353181682189288,"BeutiTUMIpjuv",1994,0.3713,0.207673,0.00882687163069167,0.362473128369308
"53",0.013355721744371,0.280709278255629,"BeutiTUMIpjuv",1995,0.294065,0.216216,0.00248112981478772,0.291583870185212
"54",0.015818818496814,-0.316684818496814,"BeutiTUMIpjuv",1996,-0.300866,0.299939,0.005762990346497,-0.306628990346497
"55",0.0283206682347716,-0.0545575682347716,"BeutiTUMIpjuv",1997,-0.0262369,0.251351,0.0224206093326859,-0.0486575093326859
"56",0.0113706976826034,0.476688302317397,"BeutiTUMIpjuv",1998,0.488059,0.196957,-0.000163740759764698,0.488222740759765
"57",-0.0385082408678868,0.437188240867887,"BeutiTUMIpjuv",1999,0.39868,0.225575,-0.0666230544799749,0.465303054479975
"58",-0.00339558475394233,0.681364584753942,"BeutiTUMIpjuv",2000,0.677969,0.176911,-0.0198385178389364,0.697807517838936
"59",-0.0609533415323631,0.0434636415323631,"BeutiTUMIpjuv",2001,-0.0174897,0.249959,-0.0965291837982428,0.0790394837982428
"60",-0.080838929868577,-0.427648070131423,"BeutiTUMIpjuv",2002,-0.508487,0.287332,-0.123024987281043,-0.385462012718957
"61",0.000636866499551889,-0.289433866499552,"BeutiTUMIpjuv",2003,-0.288797,0.242626,-0.0144656299887795,-0.274331370011221
"62",-0.000421667793648335,-0.0734776322063517,"BeutiTUMIpjuv",2004,-0.0738993,0.202608,-0.0158760341537345,-0.0580232658462655
"63",0.00317122086848064,-0.926591220868481,"BeutiTUMIpjuv",2005,-0.92342,0.306746,-0.0110888249288322,-0.912331175071168
"64",-0.0411690880414864,0.302990088041486,"BeutiTUMIpjuv",2006,0.261821,0.160438,-0.0701684001150523,0.331989400115052
"65",-0.01975989345553,-0.78663710654447,"BeutiTUMIpjuv",2007,-0.806397,0.288319,-0.0416425248490886,-0.764754475150911
"66",-0.102789865193955,0.502248865193955,"BeutiTUMIpjuv",2008,0.399459,0.171487,-0.152272684599085,0.551731684599085
"67",-0.062639772229407,-0.706300227770593,"BeutiTUMIpjuv",2009,-0.76894,0.307697,-0.0987762048861064,-0.670163795113893
"68",-0.0285618276005087,0.503495827600509,"BeutiTUMIpjuv",2010,0.474934,0.225107,-0.0533703306061362,0.528304330606136
"69",0.00826991195568744,0.363030088044313,"CutiTUMIpjuv",1994,0.3713,0.207673,-0.0371200289922276,0.408420028992228
"70",0.0217907747103186,0.272274225289681,"CutiTUMIpjuv",1995,0.294065,0.216216,-0.0332589544606888,0.327323954460689
"71",-0.00595221561140803,-0.294913784388592,"CutiTUMIpjuv",1996,-0.300866,0.299939,-0.0411813596576501,-0.25968464034235
"72",0.0671020249610604,-0.0933389249610604,"CutiTUMIpjuv",1997,-0.0262369,0.251351,-0.0203196829415178,-0.00591721705848219
"73",-0.0108176130081861,0.498876613008186,"CutiTUMIpjuv",1998,0.488059,0.196957,-0.0425707430359273,0.530629743035927
"74",-0.030090892230073,0.428770892230073,"CutiTUMIpjuv",1999,0.39868,0.225575,-0.0480745018472014,0.446754501847201
"75",-0.00657082830162171,0.684539828301622,"CutiTUMIpjuv",2000,0.677969,0.176911,-0.0413580133036522,0.719327013303652
"76",-0.0553449463083231,0.0378552463083231,"CutiTUMIpjuv",2001,-0.0174897,0.249959,-0.0552861559215063,0.0377964559215063
"77",-0.073215695899737,-0.435271304100263,"CutiTUMIpjuv",2002,-0.508487,0.287332,-0.0603894024608932,-0.448097597539107
"78",-0.0358168941144214,-0.252980105885579,"CutiTUMIpjuv",2003,-0.288797,0.242626,-0.0497096430682633,-0.239087356931737
"79",-0.0487285170815879,-0.0251707829184121,"CutiTUMIpjuv",2004,-0.0738993,0.202608,-0.0533967405175983,-0.0205025594824017
"80",-0.0376275717866726,-0.885792428213327,"CutiTUMIpjuv",2005,-0.92342,0.306746,-0.050226707812504,-0.873193292187496
"81",-0.122438009866847,0.384259009866847,"CutiTUMIpjuv",2006,0.261821,0.160438,-0.0744455337994765,0.336266533799476
"82",0.00687079066474131,-0.813267790664741,"CutiTUMIpjuv",2007,-0.806397,0.288319,-0.0375195679625421,-0.768877432037458
"83",-0.0356584065396688,0.435117406539669,"CutiTUMIpjuv",2008,0.399459,0.171487,-0.0496643846887287,0.449123384688729
"84",-0.00701561593947093,-0.761924384060529,"CutiTUMIpjuv",2009,-0.76894,0.307697,-0.0414850287353841,-0.727454971264616
"85",0.0169978043962092,0.457936195603791,"CutiTUMIpjuv",2010,0.474934,0.225107,-0.0346276552563809,0.509561655256381
"86",0.14982036816364,0.22147963183636,"CutiSTIpjuv",1994,0.3713,0.207673,0.0927920695698721,0.278507930430128
"87",0.260789189401661,0.0332758105983388,"CutiSTIpjuv",1995,0.294065,0.216216,0.189941759984939,0.104123240015061
"88",-0.628039098943072,0.327173098943072,"CutiSTIpjuv",1996,-0.300866,0.299939,-0.547048204181366,0.246182204181366
"89",0.0189090915383066,-0.0451459915383066,"CutiSTIpjuv",1997,-0.0262369,0.251351,-0.0176913742869557,-0.00854552571304432
"90",0.295759835013773,0.192299164986227,"CutiSTIpjuv",1998,0.488059,0.196957,0.231631407253289,0.256427592746711
"91",0.241416086508322,0.157263913491678,"CutiSTIpjuv",1999,0.39868,0.225575,0.172481463058152,0.226198536941848
"92",0.159229958620539,0.518739041379461,"CutiSTIpjuv",2000,0.677969,0.176911,0.138370537922143,0.539598462077857
"93",-0.14857648112443,0.13108678112443,"CutiSTIpjuv",2001,-0.0174897,0.249959,-0.0889636335667158,0.0714739335667158
"94",0.0282791090136537,-0.536766109013654,"CutiSTIpjuv",2002,-0.508487,0.287332,0.0424152783375557,-0.550902278337556
"95",-0.0513777300439736,-0.237419269956026,"CutiSTIpjuv",2003,-0.288797,0.242626,-0.0761895531755172,-0.212607446824483
"96",0.199177175056134,-0.273076475056134,"CutiSTIpjuv",2004,-0.0738993,0.202608,0.167068201433666,-0.240967501433666
"97",-0.823068382033734,-0.100351617966266,"CutiSTIpjuv",2005,-0.92342,0.306746,-0.704737981031109,-0.218682018968891
"98",0.19139811201146,0.07042288798854,"CutiSTIpjuv",2006,0.261821,0.160438,0.128571644073969,0.133249355926031
"99",0.0408521612508351,-0.847249161250835,"CutiSTIpjuv",2007,-0.806397,0.288319,0.000666990106653623,-0.807063990106654
"100",-0.107490079561717,0.506949079561717,"CutiSTIpjuv",2008,0.399459,0.171487,-0.0583692360291898,0.45782823602919
"101",-0.346745549481843,-0.422194450518157,"CutiSTIpjuv",2009,-0.76894,0.307697,-0.236331332635824,-0.532608667364176
"102",0.171420334610445,0.303513665389555,"CutiSTIpjuv",2010,0.474934,0.225107,0.11131886743858,0.36361513256142
"103",-0.0237905882443699,0.39509058824437,"PDOpjuv",1994,0.3713,0.207673,-0.0562951185669323,0.427595118566932
"104",-0.190530458577568,0.484595458577568,"PDOpjuv",1995,0.294065,0.216216,-0.138169867711879,0.432234867711879
"105",-0.162586944399181,-0.138279055600819,"PDOpjuv",1996,-0.300866,0.299939,-0.124448685074955,-0.176417314925045
"106",-0.30383987320751,0.27760297320751,"PDOpjuv",1997,-0.0262369,0.251351,-0.193808509392219,0.167571609392219
"107",-0.0287037335955246,0.516762733595525,"PDOpjuv",1998,0.488059,0.196957,-0.0587076341956624,0.546766634195662
"108",0.197915095757344,0.200764904242656,"PDOpjuv",1999,0.39868,0.225575,0.0525696491869484,0.346110350813052
"109",0.0833773947367582,0.594591605263242,"PDOpjuv",2000,0.677969,0.176911,-0.00367212141308973,0.68164112141309
"110",0.118690626954157,-0.136180326954157,"PDOpjuv",2001,-0.0174897,0.249959,0.0136678346698514,-0.0311575346698514
"111",0.0468358761826889,-0.555322876182689,"PDOpjuv",2002,-0.508487,0.287332,-0.0216152064029355,-0.486871793597065
"112",-0.101172627520253,-0.187624372479747,"PDOpjuv",2003,-0.288797,0.242626,-0.0942922397182997,-0.1945047602817
"113",-0.0483563149997297,-0.0255429850002703,"PDOpjuv",2004,-0.0738993,0.202608,-0.0683576967104852,-0.00554160328951483
"114",-0.1030150570267,-0.8204049429733,"PDOpjuv",2005,-0.92342,0.306746,-0.0951969330790178,-0.828223066920982
"115",-0.0560331046105658,0.317854104610566,"PDOpjuv",2006,0.261821,0.160438,-0.0721272523802951,0.333948252380295
"116",-0.0750715428450006,-0.731325457154999,"PDOpjuv",2007,-0.806397,0.288319,-0.0814757504413205,-0.72492124955868
"117",0.176420084841599,0.223038915158401,"PDOpjuv",2008,0.399459,0.171487,0.0420148933101838,0.357444106689816
"118",0.0799996073073274,-0.848939607307327,"PDOpjuv",2009,-0.76894,0.307697,-0.00533072590796494,-0.763609274092035
"119",0.0416156592465274,0.433318340753473,"PDOpjuv",2010,0.474934,0.225107,-0.0241785042585949,0.499112504258595
"120",-0.00338213675838787,0.374682136758388,"PDOlarv",1994,0.3713,0.207673,-0.00541715131684815,0.376717151316848
"121",0.0162820857113377,0.277782914288662,"PDOlarv",1995,0.294065,0.216216,0.0170460902634861,0.277018909736514
"122",0.0485875940541632,-0.349453594054163,"PDOlarv",1996,-0.300866,0.299939,0.0539499871445758,-0.354815987144576
"123",0.0120683237535515,-0.0383052237535515,"PDOlarv",1997,-0.0262369,0.251351,0.0122325384963084,-0.0384694384963084
"124",0.142694944442885,0.345364055557115,"PDOlarv",1998,0.488059,0.196957,0.161452643272715,0.326606356727285
"125",-0.0956167040587014,0.494296704058701,"PDOlarv",1999,0.39868,0.225575,-0.110780451115967,0.509460451115967
"126",-0.0890619632352431,0.767030963235243,"PDOlarv",2000,0.677969,0.176911,-0.103292703921858,0.781261703921858
"127",-0.0132142479933059,-0.00427545200669413,"PDOlarv",2001,-0.0174897,0.249959,-0.0166487721071829,-0.000840927892817138
"128",-0.0946803125124924,-0.413806687487508,"PDOlarv",2002,-0.508487,0.287332,-0.109710772945378,-0.398776227054622
"129",0.105707478369829,-0.394504478369829,"PDOlarv",2003,-0.288797,0.242626,0.119200355541127,-0.407997355541127
"130",-0.0160234226318607,-0.0578758773681393,"PDOlarv",2004,-0.0738993,0.202608,-0.019857806618728,-0.054041493381272
"131",0.0158138899382506,-0.939233889938251,"PDOlarv",2005,-0.92342,0.306746,0.0165112511782451,-0.939931251178245
"132",-0.0146188353125829,0.276439835312583,"PDOlarv",2006,0.261821,0.160438,-0.0182532893629542,0.280074289362954
"133",-0.0722069154035453,-0.734190084596455,"PDOlarv",2007,-0.806397,0.288319,-0.0840384968514489,-0.722358503148551
"134",-0.131667778587883,0.531126778587883,"PDOlarv",2008,0.399459,0.171487,-0.151963060684039,0.551422060684039
"135",-0.182701117856734,-0.586238882143266,"PDOlarv",2009,-0.76894,0.307697,-0.210260520982422,-0.558679479017578
"136",0.0237732180807193,0.451160781919281,"PDOlarv",2010,0.474934,0.225107,0.0256035156273094,0.449330484372691
"137",-0.174106198229597,0.545406198229597,"ONIpjuv",1994,0.3713,0.207673,-0.17701412309465,0.54831412309465
"138",-0.0238729202795817,0.317937920279582,"ONIpjuv",1995,0.294065,0.216216,-0.0521290114935811,0.346194011493581
"139",0.0545847288080649,-0.355450728808065,"ONIpjuv",1996,-0.300866,0.299939,0.0118877265875778,-0.312753726587578
"140",-0.404760996949272,0.378524096949272,"ONIpjuv",1997,-0.0262369,0.251351,-0.373262154865553,0.347025254865553
"141",-0.00979445448833127,0.497853454488331,"ONIpjuv",1998,0.488059,0.196957,-0.0405850095541407,0.528644009554141
"142",0.293636211094678,0.105043788905322,"ONIpjuv",1999,0.39868,0.225575,0.203937941331039,0.194742058668961
"143",0.160602250314874,0.517366749685126,"ONIpjuv",2000,0.677969,0.176911,0.0974182866463023,0.580550713353698
"144",0.0113829797345057,-0.0288726797345057,"ONIpjuv",2001,-0.0174897,0.249959,-0.0232690066367086,0.00577930663670859
"145",-0.231275361732171,-0.277211638267829,"ONIpjuv",2002,-0.508487,0.287332,-0.225289040059328,-0.283197959940672
"146",-0.0366430557664024,-0.252153944233598,"ONIpjuv",2003,-0.288797,0.242626,-0.0626235587072933,-0.226173441292707
"147",-0.156618191237595,0.0827188912375947,"ONIpjuv",2004,-0.0738993,0.202608,-0.162321757049817,0.0884224570498165
"148",-0.0874500569731251,-0.835969943026875,"ONIpjuv",2005,-0.92342,0.306746,-0.104601747523792,-0.818818252476208
"149",-0.0385562110909918,0.300377211090992,"ONIpjuv",2006,0.261821,0.160438,-0.0641977407890199,0.32601874078902
"150",0.116243235795363,-0.922640235795363,"ONIpjuv",2007,-0.806397,0.288319,0.0617368259906637,-0.868133825990664
"151",0.150151225847422,0.249307774152578,"ONIpjuv",2008,0.399459,0.171487,0.0890226488431726,0.310436351156827
"152",-0.110172364367528,-0.658767635632472,"ONIpjuv",2009,-0.76894,0.307697,-0.123491932471447,-0.645448067528553
"153",0.138403279519687,0.336530720480313,"ONIpjuv",2010,0.474934,0.225107,0.0795775563159006,0.395356443684099
"154",-0.250073429920326,0.621373429920326,"ONIpre",1994,0.3713,0.207673,-0.178318716883611,0.549618716883611
"155",-0.191205368595643,0.485270368595643,"ONIpre",1995,0.294065,0.216216,-0.11246064480684,0.40652564480684
"156",0.0344946163777355,-0.335360616377736,"ONIpre",1996,-0.300866,0.299939,-0.0438941642228462,-0.256971835777154
"157",-0.140513342937389,0.114276442937389,"ONIpre",1997,-0.0262369,0.251351,-0.135134642888954,0.108897742888954
"158",0.513354784887228,-0.0252957848872282,"ONIpre",1998,0.488059,0.196957,0.372950059326309,0.115108940673691
"159",0.33900818720348,0.0596718127965197,"ONIpre",1999,0.39868,0.225575,0.124875369731778,0.273804630268222
"160",0.362562644721236,0.315406355278764,"ONIpre",2000,0.677969,0.176911,0.138125355846061,0.539843644153939
"161",-0.0429006826971376,0.0254109826971376,"ONIpre",2001,-0.0174897,0.249959,-0.0852464426020554,0.0677567426020554
"162",-0.202984413340064,-0.305502586659936,"ONIpre",2002,-0.508487,0.287332,-0.163918252664688,-0.344568747335312
"163",-0.126229844535141,-0.162567155464859,"ONIpre",2003,-0.288797,0.242626,-0.0633565296929929,-0.225440470307007
"164",-0.254918560541453,0.181019260541453,"ONIpre",2004,-0.0738993,0.202608,-0.174180245987923,0.100280945987923
"165",-0.217507314578109,-0.705912685421891,"ONIpre",2005,-0.92342,0.306746,-0.133870967743791,-0.789549032256209
"166",-0.0997131744362634,0.361534174436263,"ONIpre",2006,0.261821,0.160438,-0.114723348325105,0.376544348325105
"167",-0.239818871585484,-0.566578128414516,"ONIpre",2007,-0.806397,0.288319,-0.153996944719738,-0.652400055280262
"168",0.325553785720057,0.073905214279943,"ONIpre",2008,0.399459,0.171487,0.117313114626487,0.282145885373513
"169",-0.0753757064023571,-0.693564293597643,"ONIpre",2009,-0.76894,0.307697,-0.102215367460777,-0.666724632539223
"170",-0.0819792093403717,0.556913209340372,"ONIpre",2010,0.474934,0.225107,-0.0313748142861839,0.506308814286184
"171",-0.0474259882049528,0.418725988204953,"HCIpjuv",1994,0.3713,0.207673,-0.0323510861066412,0.403651086106641
"172",-0.0505433865694901,0.34460838656949,"HCIpjuv",1995,0.294065,0.216216,-0.0736706249824901,0.36773562498249
"173",-0.0501485905504029,-0.250717409449597,"HCIpjuv",1996,-0.300866,0.299939,-0.0903170544774917,-0.210548945522508
"174",-0.0406517913896603,0.0144148913896603,"HCIpjuv",1997,-0.0262369,0.251351,0.0236316829290121,-0.0498685829290121
"175",-0.0439406907730794,0.53199969077308,"HCIpjuv",1998,0.488059,0.196957,-0.00245871001143828,0.490517710011438
"176",0.0139264348608436,0.384753565139156,"HCIpjuv",1999,0.39868,0.225575,-0.0293891699396147,0.428069169939615
"177",-0.0425617883879128,0.720530788387913,"HCIpjuv",2000,0.677969,0.176911,-0.106548958890889,0.784517958890889
"178",0.00947940739091363,-0.0269691073909136,"HCIpjuv",2001,-0.0174897,0.249959,-0.0374793079225965,0.0199896079225965
"179",0.00749524400877844,-0.515982244008778,"HCIpjuv",2002,-0.508487,0.287332,-0.0410481475369127,-0.467438852463087
"180",-0.0505525003590674,-0.238244499640933,"HCIpjuv",2003,-0.288797,0.242626,-0.0832744843907703,-0.20552251560923
"181",-0.0409548981985158,-0.0329444018014842,"HCIpjuv",2004,-0.0738993,0.202608,0.0212485326105125,-0.0951478326105125
"182",-0.0485931181249951,-0.874826881875005,"HCIpjuv",2005,-0.92342,0.306746,-0.0439561403380516,-0.879463859661948
"183",-0.0441741205687236,0.305995120568724,"HCIpjuv",2006,0.261821,0.160438,-0.106095039344054,0.367916039344054
"184",-0.0349739248997033,-0.771423075100297,"HCIpjuv",2007,-0.806397,0.288319,-0.103321784173291,-0.703075215826709
"185",0.0656882824456113,0.333770717554389,"HCIpjuv",2008,0.399459,0.171487,0.0694254504886692,0.330033549511331
"186",5.95222367282787e-05,-0.768999522236728,"HCIpjuv",2009,-0.76894,0.307697,-0.0541496175269784,-0.714790382473022
"187",0.0496260070836281,0.425307992916372,"HCIpjuv",2010,0.474934,0.225107,0.0383019257761664,0.436632074223834
"188",0.0242181790336473,0.347081820966353,"HCIlarv",1994,0.3713,0.207673,0.0216643403286642,0.349635659671336
"189",0.0458454541130219,0.248219545886978,"HCIlarv",1995,0.294065,0.216216,0.0456772158695717,0.248387784130428
"190",0.0670976897394967,-0.367963689739497,"HCIlarv",1996,-0.300866,0.299939,0.0692736831635777,-0.370139683163578
"191",-0.0261621207219613,-7.47792780387418e-05,"HCIlarv",1997,-0.0262369,0.251351,-0.0342731674377056,0.00803626743770559
"192",0.0891000042701394,0.398958995729861,"HCIlarv",1998,0.488059,0.196957,0.0937029669500771,0.394356033049923
"193",-0.13029807532329,0.52897807532329,"HCIlarv",1999,0.39868,0.225575,-0.149895857204545,0.548575857204545
"194",-0.0404136199097037,0.718382619909704,"HCIlarv",2000,0.677969,0.176911,-0.050096680801965,0.728065680801965
"195",-0.0637910791048517,0.0463013791048517,"HCIlarv",2001,-0.0174897,0.249959,-0.076052794830342,0.058563094830342
"196",-0.116546628736421,-0.391940371263579,"HCIlarv",2002,-0.508487,0.287332,-0.134627554833648,-0.373859445166352
"197",0.0747234919347923,-0.363520491934792,"HCIlarv",2003,-0.288797,0.242626,0.0777406508395931,-0.366537650839593
"198",0.0105917456016367,-0.0844910456016367,"HCIlarv",2004,-0.0738993,0.202608,0.00653484071000243,-0.0804341407100024
"199",0.0409699412339283,-0.964389941233928,"HCIlarv",2005,-0.92342,0.306746,0.0402639086667659,-0.963683908666766
"200",-0.0257870812696603,0.28760808126966,"HCIlarv",2006,0.261821,0.160438,-0.0338567591912844,0.295677759191284
"201",-0.0885436829599077,-0.717853317040092,"HCIlarv",2007,-0.806397,0.288319,-0.103535739096859,-0.702861260903141
"202",-0.13042308847408,0.52988208847408,"HCIlarv",2008,0.399459,0.171487,-0.150034659953372,0.549493659953372
"203",-0.13042308847408,-0.63851691152592,"HCIlarv",2009,-0.76894,0.307697,-0.150034659953372,-0.618905340046628
"204",0.0515960590472932,0.423337940952707,"HCIlarv",2010,0.474934,0.225107,0.0520621423138711,0.422871857686129
"205",-0.00207549349477699,0.373375493494777,"LSTpjuv",1994,0.3713,0.207673,-0.0378187867590029,0.409118786759003
"206",0.00291528508711563,0.291149714912884,"LSTpjuv",1995,0.294065,0.216216,-0.0365109954836771,0.330575995483677
"207",0.000102341455467954,-0.300968341455468,"LSTpjuv",1996,-0.300866,0.299939,-0.0372481035479121,-0.263617896452088
"208",-0.0955550644512283,0.0693181644512283,"LSTpjuv",1997,-0.0262369,0.251351,-0.0623143169050326,0.0360774169050326
"209",-0.0802751489661112,0.568334148966111,"LSTpjuv",1998,0.488059,0.196957,-0.0583103444182635,0.546369344418263
"210",0.0434580930968234,0.355221906903177,"LSTpjuv",1999,0.39868,0.225575,-0.0258870958781485,0.424567095878148
"211",0.00353520113965206,0.674433798860348,"LSTpjuv",2000,0.677969,0.176911,-0.036348551730327,0.714317551730327
"212",-0.0111859592745328,-0.00630374072546722,"LSTpjuv",2001,-0.0174897,0.249959,-0.0402061071868341,0.0227164071868341
"213",0.0445534532405292,-0.553040453240529,"LSTpjuv",2002,-0.508487,0.287332,-0.0256000660257198,-0.48288693397428
"214",-0.0381798175759874,-0.250617182424013,"LSTpjuv",2003,-0.288797,0.242626,-0.0472796192204576,-0.241517380779542
"215",-0.0239333203239963,-0.0499659796760037,"LSTpjuv",2004,-0.0738993,0.202608,-0.0435464452291772,-0.0303528547708228
"216",-0.0622578980258629,-0.861162101974137,"LSTpjuv",2005,-0.92342,0.306746,-0.0535890763502442,-0.869830923649756
"217",-0.0787180464948619,0.340539046494862,"LSTpjuv",2006,0.261821,0.160438,-0.0579023188987275,0.319723318898728
"218",0.0104037957485811,-0.816800795748581,"LSTpjuv",2007,-0.806397,0.288319,-0.0345486946625549,-0.771848305337445
"219",-0.0275152665529674,0.426974266552967,"LSTpjuv",2008,0.399459,0.171487,-0.0444850639131356,0.443944063913136
"220",-0.0483151468611844,-0.720624853138816,"LSTpjuv",2009,-0.76894,0.307697,-0.0499354964513127,-0.719004503548687
"221",0.01479709225334,0.46013690774666,"LSTpjuv",2010,0.474934,0.225107,-0.0333974685070194,0.508331468507019
"222",-0.0905826260700937,0.461882626070094,"LSTlarv",1994,0.3713,0.207673,-0.150781822880946,0.522081822880946
"223",0.0730141674455401,0.22105083255446,"LSTlarv",1995,0.294065,0.216216,0.025354898605876,0.268710101394124
"224",-0.183551842332263,-0.117314157667737,"LSTlarv",1996,-0.300866,0.299939,-0.234991948936286,-0.0658740510637144
"225",-0.0308023119809231,0.00456541198092312,"LSTlarv",1997,-0.0262369,0.251351,0.00468806733909169,-0.0309249673390917
"226",0.525788237367071,-0.0377292373670712,"LSTlarv",1998,0.488059,0.196957,0.521002825482387,-0.0329438254823868
"227",0.397093134949732,0.00158686505026773,"LSTlarv",1999,0.39868,0.225575,0.379994696020094,0.0186853039799058
"228",-0.110434196127512,0.788403196127512,"LSTlarv",2000,0.677969,0.176911,-0.171483528943268,0.849452528943268
"229",-0.178261497116102,0.160771797116102,"LSTlarv",2001,-0.0174897,0.249959,-0.222966587179037,0.205476887179037
"230",-0.14926308739205,-0.35922391260795,"LSTlarv",2002,-0.508487,0.287332,-0.175676138461791,-0.332810861538209
"231",-0.173319606325619,-0.115477393674381,"LSTlarv",2003,-0.288797,0.242626,-0.214196005765996,-0.0746009942340041
"232",-0.129910362078758,0.0560110620787579,"LSTlarv",2004,-0.0738993,0.202608,-0.146033795323885,0.072134495323885
"233",-0.034065128524764,-0.889354871475236,"LSTlarv",2005,-0.92342,0.306746,-0.0906964568708076,-0.832723543129192
"234",-0.108083288211903,0.369904288211903,"LSTlarv",2006,0.261821,0.160438,-0.169047478814188,0.430868478814188
"235",-0.173062979205549,-0.633334020794451,"LSTlarv",2007,-0.806397,0.288319,-0.232397858667513,-0.573999141332487
"236",-0.00531420644010766,0.404773206440108,"LSTlarv",2008,0.399459,0.171487,0.044271995374926,0.355187004625074
"237",-0.120505833482748,-0.648434166517251,"LSTlarv",2009,-0.76894,0.307697,-0.181861885465833,-0.587078114534167
"238",0.143015525526048,0.331918474473952,"LSTlarv",2010,0.474934,0.225107,0.101780976359262,0.373153023640738
"239",-0.13718210723222,0.508482107232221,"CSTpjuv",1994,0.3713,0.207673,-0.0384459380641064,0.409745938064106
"240",0.414478380792225,-0.120413380792225,"CSTpjuv",1995,0.294065,0.216216,0.0621950891075644,0.231869910892436
"241",0.112558433167976,-0.413424433167976,"CSTpjuv",1996,-0.300866,0.299939,0.0124871127271025,-0.313353112727103
"242",-0.192387711433114,0.166150811433113,"CSTpjuv",1997,-0.0262369,0.251351,-0.071317397847965,0.045080497847965
"243",0.00220648504111164,0.485852514958888,"CSTpjuv",1998,0.488059,0.196957,-0.0879483279271647,0.576007327927165
"244",0.0165352383778261,0.382144761622174,"CSTpjuv",1999,0.39868,0.225575,-0.00480470391364669,0.403484703913647
"245",0.242993835698424,0.434975164301576,"CSTpjuv",2000,0.677969,0.176911,0.03442136554503,0.64354763445497
"246",-0.191428546542847,0.173938846542847,"CSTpjuv",2001,-0.0174897,0.249959,-0.0719161538081141,0.0544264538081141
"247",-0.190468166024281,-0.318018833975719,"CSTpjuv",2002,-0.508487,0.287332,-0.0586163849813355,-0.449870615018665
"248",0.0534462351841661,-0.342243235184166,"CSTpjuv",2003,-0.288797,0.242626,-0.0873376698469028,-0.201459330153097
"249",-0.195407726310937,0.121508426310937,"CSTpjuv",2004,-0.0738993,0.202608,-0.0683855098858595,-0.00551379011414055
"250",-0.181656858151119,-0.741763141848881,"CSTpjuv",2005,-0.92342,0.306746,-0.0758231032257003,-0.8475968967743
"251",0.263057880313857,-0.00123688031385727,"CSTpjuv",2006,0.261821,0.160438,-0.0777252446862811,0.339546244686281
"252",-0.0920353397039932,-0.714361660296007,"CSTpjuv",2007,-0.806397,0.288319,-0.0271135893214341,-0.779283410678566
"253",-0.0202971883590488,0.419756188359049,"CSTpjuv",2008,0.399459,0.171487,-0.0879218449867004,0.4873808449867
"254",-0.190155263399238,-0.578784736600762,"CSTpjuv",2009,-0.76894,0.307697,-0.0583990548960705,-0.71054094510393
"255",-0.0625034814187876,0.537437481418788,"CSTpjuv",2010,0.474934,0.225107,-0.0205690554705338,0.495503055470534
"256",-0.025863966978398,0.397163966978398,"CSTlarv",1994,0.3713,0.207673,-0.0461156549089522,0.417415654908952
"257",-0.0270617208477937,0.321126720847794,"CSTlarv",1995,0.294065,0.216216,-0.0464879360566204,0.34055293605662
"258",-0.00665070427145348,-0.294215295728547,"CSTlarv",1996,-0.300866,0.299939,-0.0401438641534607,-0.260722135846539
"259",-0.0064299520106232,-0.0198069479893768,"CSTlarv",1997,-0.0262369,0.251351,-0.0400752508039389,0.0138383508039389
"260",-0.0395102244204224,0.527569224420422,"CSTlarv",1998,0.488059,0.196957,-0.0503571309865549,0.538416130986555
"261",-0.0104344561412117,0.409114456141212,"CSTlarv",1999,0.39868,0.225575,-0.0413199150287459,0.439999915028746
"262",-0.0252181438638524,0.703187143863853,"CSTlarv",2000,0.677969,0.176911,-0.0459149227081246,0.723883922708125
"263",-0.0367948613855689,0.0193051613855689,"CSTlarv",2001,-0.0174897,0.249959,-0.0495131525253581,0.0320234525253581
"264",-0.0267943731255847,-0.481692626874415,"CSTlarv",2002,-0.508487,0.287332,-0.0464048400889115,-0.462082159911089
"265",-0.0162410522642668,-0.272555947735733,"CSTlarv",2003,-0.288797,0.242626,-0.043124698399908,-0.245672301600092
"266",-0.0085682327613681,-0.0653310672386319,"CSTlarv",2004,-0.0738993,0.202608,-0.040739862817341,-0.033159437182659
"267",-0.0419296812244953,-0.881490318775505,"CSTlarv",2005,-0.92342,0.306746,-0.0511091370366766,-0.872310862963323
"268",-0.0268576026655821,0.288678602665582,"CSTlarv",2006,0.261821,0.160438,-0.0464244928458918,0.308245492845892
"269",-0.0116527520954882,-0.794744247904512,"CSTlarv",2007,-0.806397,0.288319,-0.0416985809859547,-0.764698419014045
"270",0.00288493163071189,0.396574068369288,"CSTlarv",2008,0.399459,0.171487,-0.0371800353051632,0.436639035305163
"271",-0.0187418757659115,-0.750198124234088,"CSTlarv",2009,-0.76894,0.307697,-0.0439019945258732,-0.725038005474127
"272",-0.0223812318086917,0.497315231808692,"CSTlarv",2010,0.474934,0.225107,-0.0450331648591584,0.519967164859159
"273",-0.00242273793194665,0.373722737931947,"MLDpjuv",1994,0.3713,0.207673,-0.0260603530991145,0.397360353099115
"274",-0.0100275905466612,0.304092590546661,"MLDpjuv",1995,0.294065,0.216216,-0.034346673615851,0.328411673615851
"275",-0.0414916236150881,-0.259374376384912,"MLDpjuv",1996,-0.300866,0.299939,-0.0686301865126192,-0.232235813487381
"276",0.0107574147946477,-0.0369943147946477,"MLDpjuv",1997,-0.0262369,0.251351,-0.0116991319825038,-0.0145377680174962
"277",-0.0211602829532554,0.509219282953255,"MLDpjuv",1998,0.488059,0.196957,-0.0464769622828082,0.534535962282808
"278",-0.04492992432579,0.44360992432579,"MLDpjuv",1999,0.39868,0.225575,-0.0723765920187823,0.471056592018782
"279",0.0103455350219435,0.667623464978056,"MLDpjuv",2000,0.677969,0.176911,-0.0121479201424053,0.690116920142405
"280",-0.0233748828903641,0.00588518289036414,"MLDpjuv",2001,-0.0174897,0.249959,-0.0488900116634555,0.0314003116634555
"281",-0.0209991126074206,-0.487487887392579,"MLDpjuv",2002,-0.508487,0.287332,-0.0463013495246368,-0.462185650475363
"282",-0.0074190186529342,-0.281377981347066,"MLDpjuv",2003,-0.288797,0.242626,-0.0315043486035197,-0.25729265139648
"283",0.0172281057166352,-0.0911274057166352,"MLDpjuv",2004,-0.0738993,0.202608,-0.00464860494857521,-0.0692506950514248
"284",-0.0645210752497137,-0.858898924750286,"MLDpjuv",2005,-0.92342,0.306746,-0.0937232983898333,-0.829696701610167
"285",-0.0317855872335848,0.293606587233585,"MLDpjuv",2006,0.261821,0.160438,-0.0580543959681404,0.31987539596814
"286",-0.00264957027052517,-0.803747429729475,"MLDpjuv",2007,-0.806397,0.288319,-0.0263075117958448,-0.780089488204155
"287",-0.0242941507887983,0.423753150788798,"MLDpjuv",2008,0.399459,0.171487,-0.0498916548025839,0.449350654802584
"288",-0.0148030082010196,-0.75413699179898,"MLDpjuv",2009,-0.76894,0.307697,-0.0395500145992556,-0.729389985400744
"289",-0.0766983902661249,0.551632390266125,"MLDpjuv",2010,0.474934,0.225107,-0.106991817888007,0.581925817888007
"290",-0.00240238334592542,0.373702383345925,"MLDlarv",1994,0.3713,0.207673,-0.0497988038508112,0.421098803850811
"291",-0.0545811952012683,0.348646195201268,"MLDlarv",1995,0.294065,0.216216,-0.0793079595222275,0.373372959522227
"292",-0.0411190386760949,-0.259746961323905,"MLDlarv",1996,-0.300866,0.299939,-0.0717924424288867,-0.229073557571113
"293",-0.314586075350804,0.288349175350804,"MLDlarv",1997,-0.0262369,0.251351,-0.217167526481243,0.190930626481243
"294",0.586723141212312,-0.0986641412123119,"MLDlarv",1998,0.488059,0.196957,0.652338892332432,-0.164279892332432
"295",0.494487705203445,-0.0958077052034446,"MLDlarv",1999,0.39868,0.225575,0.38814901228885,0.0105309877111501
"296",-0.0723909449883727,0.750359944988373,"MLDlarv",2000,0.677969,0.176911,-0.089157996911641,0.767126996911641
"297",-0.207423387268737,0.189933687268737,"MLDlarv",2001,-0.0174897,0.249959,-0.161384778352795,0.143895078352795
"298",-0.318532489956787,-0.189954510043213,"MLDlarv",2002,-0.508487,0.287332,-0.219215351302408,-0.289271648697592
"299",-0.0231091512471896,-0.26568784875281,"MLDlarv",2003,-0.288797,0.242626,-0.0616352313164421,-0.227161768683558
"300",-0.140944985210572,0.0670456852105717,"MLDlarv",2004,-0.0738993,0.202608,-0.126264582670187,0.0523652826701873
"301",-0.277227890122372,-0.646192109877628,"MLDlarv",2005,-0.92342,0.306746,-0.197774625424803,-0.725645374575197
"302",0.167358450352663,0.094462549647337,"MLDlarv",2006,0.261821,0.160438,0.0560123046472984,0.205808695352702
"303",-0.135615295076695,-0.670781704923305,"MLDlarv",2007,-0.806397,0.288319,-0.123418106168817,-0.682978893831183
"304",-0.141866250965247,0.541325250965247,"MLDlarv",2008,0.399459,0.171487,-0.126756060627256,0.526215060627256
"305",-0.0936852483705194,-0.675254751629481,"MLDlarv",2009,-0.76894,0.307697,-0.100810120143693,-0.668129879856307
"306",0.226669139012163,0.248264860987837,"MLDlarv",2010,0.474934,0.225107,0.0984841914306819,0.376449808569318
"307",-0.119286367914946,0.490586367914946,"MLDpart",1994,0.3713,0.207673,-0.105441047530296,0.476741047530296
"308",-0.010304383001239,0.304369383001239,"MLDpart",1995,0.294065,0.216216,-0.010002131957545,0.304067131957545
"309",-0.00345292963099957,-0.297413070369,"MLDpart",1996,-0.300866,0.299939,-0.00400210103121754,-0.296863898968783
"310",-0.167651553548507,0.141414653548507,"MLDpart",1997,-0.0262369,0.251351,-0.147795945646357,0.121559045646357
"311",0.717764726847635,-0.229705726847635,"MLDpart",1998,0.488059,0.196957,0.62759064536592,-0.13953164536592
"312",0.156950581517873,0.241729418482127,"MLDpart",1999,0.39868,0.225575,0.136468245333713,0.262211754666287
"313",-0.166534020376518,0.844503020376518,"MLDpart",2000,0.677969,0.176911,-0.146817287071604,0.824786287071605
"314",-0.109374823709017,0.0918851237090172,"MLDpart",2001,-0.0174897,0.249959,-0.0967611998354476,0.0792714998354476
"315",-0.139626971688837,-0.368860028311163,"MLDpart",2002,-0.508487,0.287332,-0.123253947226451,-0.385233052773549
"316",-0.0644334897112741,-0.224363510288726,"MLDpart",2003,-0.288797,0.242626,-0.0574046751381875,-0.231392324861812
"317",-0.0238160340653694,-0.0500832659346306,"MLDpart",2004,-0.0738993,0.202608,-0.0218347052621996,-0.0520645947378004
"318",-0.140699503525015,-0.782720496474985,"MLDpart",2005,-0.92342,0.306746,-0.12419319673108,-0.79922680326892
"319",0.0973200615636094,0.164500938436391,"MLDpart",2006,0.261821,0.160438,0.0842479433317347,0.177573056668265
"320",-0.114099963966079,-0.692297036033921,"MLDpart",2007,-0.806397,0.288319,-0.100899152198486,-0.705497847801514
"321",-0.133225531673648,0.532684531673648,"MLDpart",2008,0.399459,0.171487,-0.117648007001277,0.517107007001277
"322",-0.227589582703466,-0.541350417296534,"MLDpart",2009,-0.76894,0.307697,-0.200285542962852,-0.568654457037148
"323",0.099813885585797,0.375120114414203,"MLDpart",2010,0.474934,0.225107,0.0864318626343895,0.38850213736561
"324",-0.0158192125002617,0.387119212500262,"Tpart",1994,0.3713,0.207673,-0.0222016195026704,0.39350161950267
"325",0.0469591053039654,0.247105894696035,"Tpart",1995,0.294065,0.216216,0.0439689414452021,0.250096058554798
"326",0.0752139737608285,-0.376079973760829,"Tpart",1996,-0.300866,0.299939,0.073750569254315,-0.374616569254315
"327",-0.051772316801962,0.025535416801962,"Tpart",1997,-0.0262369,0.251351,-0.0600974593822616,0.0338605593822616
"328",0.185075402057087,0.302983597942914,"Tpart",1998,0.488059,0.196957,0.189548389128727,0.298510610871273
"329",-0.107202691899386,0.505882691899386,"Tpart",1999,0.39868,0.225575,-0.118523029577859,0.517203029577859
"330",-0.0314107296878102,0.70937972968781,"Tpart",2000,0.677969,0.176911,-0.038635628479007,0.716604628479007
"331",-0.066365757808348,0.048876057808348,"Tpart",2001,-0.0174897,0.249959,-0.0754794608646624,0.0579897608646624
"332",-0.107933023166706,-0.400553976833294,"Tpart",2002,-0.508487,0.287332,-0.119292824489937,-0.389194175510063
"333",0.0673575842332661,-0.356154584233266,"Tpart",2003,-0.288797,0.242626,0.0654696576234149,-0.354266657623415
"334",-0.0182778456594735,-0.0556214543405265,"Tpart",2004,-0.0738993,0.202608,-0.0247931055602536,-0.0491061944397464
"335",0.0403693562367319,-0.963789356236732,"Tpart",2005,-0.92342,0.306746,0.0370231135297637,-0.960443113529764
"336",0.0100589456799783,0.251762054320022,"Tpart",2006,0.261821,0.160438,0.00507487185558795,0.256746128144412
"337",-0.0830645857392126,-0.723332414260787,"Tpart",2007,-0.806397,0.288319,-0.0930806144153121,-0.713316385584688
"338",-0.177963638296455,0.577422638296455,"Tpart",2008,0.399459,0.171487,-0.193107562580231,0.592566562580231
"339",-0.147429021511513,-0.621510978488487,"Tpart",2009,-0.76894,0.307697,-0.16092299963602,-0.60801700036398
"340",0.0339585557992717,0.440975444200728,"Tpart",2010,0.474934,0.225107,0.0302659037810455,0.444668096218954
"341",-0.0367474438553461,0.408047443855346,"Tcop",1994,0.3713,0.207673,-0.0545165270092716,0.425816527009272
"342",0.144366321777087,0.149698678222913,"Tcop",1995,0.294065,0.216216,0.116366401458042,0.177698598541958
"343",0.0391342258573247,-0.340000225857325,"Tcop",1996,-0.300866,0.299939,0.0170787042649968,-0.317944704264997
"344",-0.0813564069869729,0.0551195069869729,"Tcop",1997,-0.0262369,0.251351,-0.0966055986439128,0.0703686986439128
"345",0.442762124640292,0.0452968753597082,"Tcop",1998,0.488059,0.196957,0.397906285843377,0.0901527141566229
"346",0.0843521219677335,0.314327878032267,"Tcop",1999,0.39868,0.225575,0.0597423111946118,0.338937688805388
"347",-0.0761768283615306,0.754145828361531,"Tcop",2000,0.677969,0.176911,-0.0917186064230936,0.769687606423094
"348",-0.0714029732524545,0.0539132732524545,"Tcop",2001,-0.0174897,0.249959,-0.0872144190232176,0.0697247190232176
"349",-0.0937951700592489,-0.414691829940751,"Tcop",2002,-0.508487,0.287332,-0.10834171518285,-0.40014528481715
"350",-0.297987281344893,0.00919028134489341,"Tcop",2003,-0.288797,0.242626,-0.300999329162671,0.0122023291626711
"351",-0.0330757649912948,-0.0408235350087052,"Tcop",2004,-0.0738993,0.202608,-0.0510522556189491,-0.0228470443810509
"352",0.0821463390815937,-1.00556633908159,"Tcop",2005,-0.92342,0.306746,0.0576611295802172,-0.981081129580217
"353",-0.0845041621232991,0.346325162123299,"Tcop",2006,0.261821,0.160438,-0.0995755419494747,0.361396541949475
"354",-0.142988468397839,-0.663408531602162,"Tcop",2007,-0.806397,0.288319,-0.154756160001863,-0.651640839998137
"355",-0.102510752239496,0.501969752239496,"Tcop",2008,0.399459,0.171487,-0.116564967573592,0.516023967573592
"356",-0.100095158688697,-0.668844841311303,"Tcop",2009,-0.76894,0.307697,-0.114285827175296,-0.654654172824704
"357",-0.0203666230229593,0.495300623022959,"Tcop",2010,0.474934,0.225107,-0.0390610334705309,0.513995033470531
"358",-0.0136203695566765,0.384920369556677,"DDben",1994,0.3713,0.207673,-0.0428396790634601,0.41413967906346
"359",0.016427378236255,0.277637621763745,"DDben",1995,0.294065,0.216216,-0.0154808917223499,0.30954589172235
"360",-0.0545533195446679,-0.246312680455332,"DDben",1996,-0.300866,0.299939,-0.0801095565697683,-0.220756443430232
"361",0.177329732876347,-0.203566632876347,"DDben",1997,-0.0262369,0.251351,0.131022376303535,-0.157259276303535
"362",0.0121240139543111,0.475934986045689,"DDben",1998,0.488059,0.196957,-0.0193991497161661,0.507458149716166
"363",-0.032937079487518,0.431617079487518,"DDben",1999,0.39868,0.225575,-0.0604277447244959,0.459107744724496
"364",-0.0587429150401992,0.736711915040199,"DDben",2000,0.677969,0.176911,-0.0839242269335337,0.761893226933534
"365",-0.0446069920018568,0.0271172920018568,"DDben",2001,-0.0174897,0.249959,-0.0710533216823242,0.0535636216823242
"366",-0.0411236772332804,-0.46736332276672,"DDben",2002,-0.508487,0.287332,-0.0678817272842845,-0.440605272715716
"367",-0.0209861167157424,-0.267810883284258,"DDben",2003,-0.288797,0.242626,-0.0495462685930389,-0.239250731406961
"368",-0.0185649509205799,-0.0553343490794201,"DDben",2004,-0.0738993,0.202608,-0.0473417719104169,-0.0265575280895831
"369",-0.0322007552565372,-0.891219244743463,"DDben",2005,-0.92342,0.306746,-0.0597573138392962,-0.863662686160704
"370",-0.0463453302179313,0.308166330217931,"DDben",2006,0.261821,0.160438,-0.0726360967444261,0.334457096744426
"371",-0.0848183790217972,-0.721578620978203,"DDben",2007,-0.806397,0.288319,-0.107666208664637,-0.698730791335363
"372",-0.059327767933686,0.458786767933686,"DDben",2008,0.399459,0.171487,-0.0844567415886014,0.483915741588601
"373",-0.0201681105110215,-0.748771889488978,"DDben",2009,-0.76894,0.307697,-0.0488014654207467,-0.720138534579253
"374",-0.0261312616254185,0.501065261625419,"DDben",2010,0.474934,0.225107,-0.0542309766430766,0.529164976643077
"375",-0.0149690250316211,0.386269025031621,"DDpjuv",1994,0.3713,0.207673,-0.0243283435894927,0.395628343589493
"376",-0.0148016864718072,0.308866686471807,"DDpjuv",1995,0.294065,0.216216,-0.023831780846493,0.317896780846493
"377",-0.0174328799996331,-0.283433120000367,"DDpjuv",1996,-0.300866,0.299939,-0.0316396206951838,-0.269226379304816
"378",-0.00541597217875465,-0.0208209278212454,"DDpjuv",1997,-0.0262369,0.251351,0.00401951678377288,-0.0302564167837729
"379",-0.00100848190542877,0.489067481905429,"DDpjuv",1998,0.488059,0.196957,0.0170983640161387,0.470960635983861
"380",-0.0300967267313527,0.428776726731353,"DDpjuv",1999,0.39868,0.225575,-0.0692184935917935,0.467898493591793
"381",-0.0212333852168847,0.699202385216885,"DDpjuv",2000,0.677969,0.176911,-0.0429172921269707,0.720886292126971
"382",-0.0282792516458339,0.0107895516458339,"DDpjuv",2001,-0.0174897,0.249959,-0.0638252930360763,0.0463355930360763
"383",-0.0345312241800449,-0.473955775819955,"DDpjuv",2002,-0.508487,0.287332,-0.0823774822872168,-0.426109517712783
"384",-0.0185143680510361,-0.270282631948964,"DDpjuv",2003,-0.288797,0.242626,-0.0348488432074403,-0.25394815679256
"385",-0.0158499437405936,-0.0580493562594064,"DDpjuv",2004,-0.0738993,0.202608,-0.0269423938775625,-0.0469569061224375
"386",-0.00494508528136269,-0.918474914718637,"DDpjuv",2005,-0.92342,0.306746,0.00541683303696597,-0.928836833036966
"387",-0.0200605142261288,0.281881514226129,"DDpjuv",2006,0.261821,0.160438,-0.0394368986241405,0.301257898624141
"388",-0.0234254002373651,-0.782971599762635,"DDpjuv",2007,-0.806397,0.288319,-0.0494219076349827,-0.756975092365017
"389",-0.0397254737725347,0.439184473772535,"DDpjuv",2008,0.399459,0.171487,-0.097790969939299,0.497249969939299
"390",-0.0329728839861523,-0.735967116013848,"DDpjuv",2009,-0.76894,0.307697,-0.0777532421715568,-0.691186757828443
"391",-0.0249835973434656,0.499917597343466,"DDpjuv",2010,0.474934,0.225107,-0.0540457231500026,0.528979723150003
"392",-0.0176555744333518,0.388955574433352,"DDlarv",1994,0.3713,0.207673,-0.0196951979729952,0.390995197972995
"393",0.0845317171634531,0.209533282836547,"DDlarv",1995,0.294065,0.216216,0.0824945103909304,0.21157048960907
"394",0.0598431094657171,-0.360709109465717,"DDlarv",1996,-0.300866,0.299939,0.0578053187986543,-0.358671318798654
"395",-0.0618515207785335,0.0356146207785335,"DDlarv",1997,-0.0262369,0.251351,-0.0638921895689826,0.0376552895689826
"396",0.233831453928093,0.254227546071907,"DDlarv",1998,0.488059,0.196957,0.231797778147248,0.256261221852752
"397",-0.121686519163037,0.520366519163037,"DDlarv",1999,0.39868,0.225575,-0.123728603073927,0.522408603073927
"398",-0.0172690535536016,0.695238053553602,"DDlarv",2000,0.677969,0.176911,-0.0193086679518812,0.697277667951881
"399",-0.0817157831918975,0.0642260831918975,"DDlarv",2001,-0.0174897,0.249959,-0.083756921779689,0.0662672217796891
"400",-0.148447613115891,-0.360039386884109,"DDlarv",2002,-0.508487,0.287332,-0.150490329936821,-0.357996670063179
"401",0.0635419287540588,-0.352338928754059,"DDlarv",2003,-0.288797,0.242626,0.0615042255654215,-0.350301225565422
"402",-0.0310000366428423,-0.0428992633571577,"DDlarv",2004,-0.0738993,0.202608,-0.0330399757840334,-0.0408593242159666
"403",0.0675988061008571,-0.991018806100857,"DDlarv",2005,-0.92342,0.306746,0.0655611988588467,-0.988981198858847
"404",-0.0396647087273112,0.301485708727311,"DDlarv",2006,0.261821,0.160438,-0.0417048527912637,0.303525852791264
"405",-0.0894903714904668,-0.716906628509533,"DDlarv",2007,-0.806397,0.288319,-0.091531693950225,-0.714865306049775
"406",-0.18085441058943,0.58031341058943,"DDlarv",2008,0.399459,0.171487,-0.182897893843416,0.582356893843416
"407",-0.145381623912132,-0.623558376087867,"DDlarv",2009,-0.76894,0.307697,-0.147424268221253,-0.621515731778747
"408",0.0774243001863156,0.397509699813684,"DDlarv",2010,0.474934,0.225107,0.0753869253208089,0.399547074679191
"409",-0.103891061501919,0.475191061501919,"DDegg",1994,0.3713,0.207673,-0.105462751691945,0.476762751691945
"410",-0.118175794048515,0.412240794048515,"DDegg",1995,0.294065,0.216216,-0.116948537705592,0.411013537705592
"411",0.0500892890278641,-0.350955289027864,"DDegg",1996,-0.300866,0.299939,0.0183467316789833,-0.319212731678983
"412",-0.113718633828362,0.0874817338283623,"DDegg",1997,-0.0262369,0.251351,-0.113364712222686,0.0871278122226862
"413",0.386759693539739,0.101299306460261,"DDegg",1998,0.488059,0.196957,0.289050030637203,0.199008969362797
"414",0.0742215640578123,0.324458435942188,"DDegg",1999,0.39868,0.225575,0.0377505354381971,0.360929464561803
"415",0.0115350671325937,0.666433932867406,"DDegg",2000,0.677969,0.176911,-0.0126531866783236,0.690622186678324
"416",-0.126777050849986,0.109287350849986,"DDegg",2001,-0.0174897,0.249959,-0.12386446663509,0.10637476663509
"417",-0.0452021920612958,-0.463284807938704,"DDegg",2002,-0.508487,0.287332,-0.0582733630487928,-0.450213636951207
"418",0.0755572533946508,-0.364354253394651,"DDegg",2003,-0.288797,0.242626,0.0388245101771595,-0.327621510177159
"419",-0.0147564564754477,-0.0591428435245523,"DDegg",2004,-0.0738993,0.202608,-0.0337931564462911,-0.0401061435537089
"420",-0.0920936663897629,-0.831326333610237,"DDegg",2005,-0.92342,0.306746,-0.0959769349056384,-0.827443065094362
"421",0.00693286116879776,0.254888138831202,"DDegg",2006,0.261821,0.160438,-0.0163536376827154,0.278174637682715
"422",-0.045234512503542,-0.761162487496458,"DDegg",2007,-0.806397,0.288319,-0.0582993506325522,-0.748097649367448
"423",-0.154859537039936,0.554318537039936,"DDegg",2008,0.399459,0.171487,-0.146444478269844,0.545903478269844
"424",-0.100236843003887,-0.668703156996113,"DDegg",2009,-0.76894,0.307697,-0.102524539752802,-0.666415460247198
"425",-0.0383958806188037,0.513329880618804,"DDegg",2010,0.474934,0.225107,-0.0528006783819893,0.527734678381989
"426",-0.0467561748805659,0.418056174880566,"DDpre",1994,0.3713,0.207673,-0.049725298908291,0.421025298908291
"427",0.0369083231104885,0.257156676889512,"DDpre",1995,0.294065,0.216216,0.0353105895483222,0.258754410451678
"428",0.105881408012008,-0.406747408012008,"DDpre",1996,-0.300866,0.299939,0.105414249941652,-0.406280249941652
"429",-0.0974456448543575,0.0712087448543575,"DDpre",1997,-0.0262369,0.251351,-0.101245647660091,0.0750087476600912
"430",0.484587765151066,0.00347123484893375,"DDpre",1998,0.488059,0.196957,0.490328189735762,-0.00226918973576185
"431",0.0119985123266311,0.386681487673369,"DDpre",1999,0.39868,0.225575,0.00999246845577643,0.388687531544224
"432",-0.0485757656470635,0.726544765647063,"DDpre",2000,0.677969,0.176911,-0.0515747155805072,0.729543715580507
"433",-0.110261742543742,0.0927720425437422,"DDpre",2001,-0.0174897,0.249959,-0.114271821004121,0.0967821210041207
"434",-0.130036423788302,-0.378450576211698,"DDpre",2002,-0.508487,0.287332,-0.134370639845687,-0.374116360154313
"435",-0.0334025624438321,-0.255394437556168,"DDpre",2003,-0.288797,0.242626,-0.036152800119276,-0.252644199880724
"436",-0.029665403999058,-0.044233896000942,"DDpre",2004,-0.0738993,0.202608,-0.0323543838700159,-0.0415449161299841
"437",0.0294601125052189,-0.952880112505219,"DDpre",2005,-0.92342,0.306746,0.0277402912564938,-0.951160291256494
"438",0.000731865490578694,0.261089134509421,"DDpre",2006,0.261821,0.160438,-0.00145885613989534,0.263279856139895
"439",-0.118242293198667,-0.688154706801333,"DDpre",2007,-0.806397,0.288319,-0.122383185222109,-0.684013814777891
"440",-0.200511270222963,0.599970270222963,"DDpre",2008,0.399459,0.171487,-0.206000677966719,0.605459677966719
"441",-0.193765075936242,-0.575174924063758,"DDpre",2009,-0.76894,0.307697,-0.199143903126097,-0.569796096873903
"442",-0.00915152908119749,0.484085529081198,"DDpre",2010,0.474934,0.225107,-0.0115042548282151,0.486438254828215
"443",NA,NA,"DDpre",2011,-0.448451,NA,-0.117846782251727,-0.330604217748273
"444",NA,NA,"DDpre",2012,-0.218587,NA,-0.184974184191649,-0.0336128158083509
"445",NA,NA,"DDpre",2013,0.0738459,NA,-0.116261184008131,0.190107084008131
"446",NA,NA,"DDpre",2014,0.0104437,NA,-0.120511754215474,0.130955454215474
"447",NA,NA,"DDegg",2011,-0.448451,NA,-0.0123638878213081,-0.436087112178692
"448",NA,NA,"DDegg",2012,-0.218587,NA,-0.138356257455964,-0.0802307425440358
"449",NA,NA,"DDegg",2013,0.0738459,NA,0.0796090081349531,-0.00576310813495309
"450",NA,NA,"DDegg",2014,0.0104437,NA,-0.207095176734961,0.217538876734961
"451",NA,NA,"DDlarv",2011,-0.448451,NA,-0.123171737955788,-0.325279262044212
"452",NA,NA,"DDlarv",2012,-0.218587,NA,-0.188925411499439,-0.0296615885005612
"453",NA,NA,"DDlarv",2013,0.0738459,NA,-0.163775598076402,0.237621498076402
"454",NA,NA,"DDlarv",2014,0.0104437,NA,-0.0722009146757931,0.0826446146757931
"455",NA,NA,"DDpjuv",2011,-0.448451,NA,-0.0702901398796233,-0.378160860120377
"456",NA,NA,"DDpjuv",2012,-0.218587,NA,-0.0618857916752004,-0.1567012083248
"457",NA,NA,"DDpjuv",2013,0.0738459,NA,-0.0672863051096411,0.141132205109641
"458",NA,NA,"DDpjuv",2014,0.0104437,NA,-0.0396884923942007,0.0501321923942007
"459",NA,NA,"DDben",2011,-0.448451,NA,-0.07361030148367,-0.37484069851633
"460",NA,NA,"DDben",2012,-0.218587,NA,-0.057570796214302,-0.161016203785698
"461",NA,NA,"DDben",2013,0.0738459,NA,-0.0631765714505156,0.137022471450516
"462",NA,NA,"DDben",2014,0.0104437,NA,0.0978941339455764,-0.0874504339455764
"463",NA,NA,"Tcop",2011,-0.448451,NA,-0.122409842260728,-0.326041157739272
"464",NA,NA,"Tcop",2012,-0.218587,NA,-0.0373309249602636,-0.181256075039736
"465",NA,NA,"Tcop",2013,0.0738459,NA,-0.187807516489328,0.261653416489328
"466",NA,NA,"Tcop",2014,0.0104437,NA,0.0824911326037963,-0.0720474326037963
"467",NA,NA,"Tpart",2011,-0.448451,NA,-0.101581314569613,-0.346869685430387
"468",NA,NA,"Tpart",2012,-0.218587,NA,-0.153545700826206,-0.0650412991737944
"469",NA,NA,"Tpart",2013,0.0738459,NA,-0.129475445177825,0.203321345177825
"470",NA,NA,"Tpart",2014,0.0104437,NA,-0.0853589815561981,0.0958026815561981
"471",NA,NA,"MLDpart",2011,-0.448451,NA,-0.0474407485751833,-0.401010251424817
"472",NA,NA,"MLDpart",2012,-0.218587,NA,-0.129690762013412,-0.0888962379865878
"473",NA,NA,"MLDpart",2013,0.0738459,NA,-0.163424926039838,0.237270826039838
"474",NA,NA,"MLDpart",2014,0.0104437,NA,-0.268837620444323,0.279281320444323
"475",NA,NA,"MLDlarv",2011,-0.448451,NA,-0.0035179628962855,-0.444933037103714
"476",NA,NA,"MLDlarv",2012,-0.218587,NA,-0.110516809795748,-0.108070190204252
"477",NA,NA,"MLDlarv",2013,0.0738459,NA,-0.187535501318991,0.261381401318991
"478",NA,NA,"MLDlarv",2014,0.0104437,NA,-0.199924841487026,0.210368541487026
"479",NA,NA,"MLDpjuv",2011,-0.448451,NA,-0.0455663776108341,-0.402884622389166
"480",NA,NA,"MLDpjuv",2012,-0.218587,NA,-0.0436151247422738,-0.174971875257726
"481",NA,NA,"MLDpjuv",2013,0.0738459,NA,-0.0391727723779705,0.113018672377971
"482",NA,NA,"MLDpjuv",2014,0.0104437,NA,-0.0250391974309841,0.0354828974309841
"483",NA,NA,"CSTlarv",2011,-0.448451,NA,-0.0410487318991884,-0.407402268100812
"484",NA,NA,"CSTlarv",2012,-0.218587,NA,-0.0475470670455207,-0.171039932954479
"485",NA,NA,"CSTlarv",2013,0.0738459,NA,-0.0411594538499819,0.115005353849982
"486",NA,NA,"CSTlarv",2014,0.0104437,NA,-0.045694413168674,0.056138113168674
"487",NA,NA,"CSTpjuv",2011,-0.448451,NA,-0.0480095480452096,-0.40044145195479
"488",NA,NA,"CSTpjuv",2012,-0.218587,NA,-0.085205390937083,-0.133381609062917
"489",NA,NA,"CSTpjuv",2013,0.0738459,NA,-0.0794485581199569,0.153294458119957
"490",NA,NA,"CSTpjuv",2014,0.0104437,NA,0.00888960858436785,0.00155409141563215
"491",NA,NA,"LSTlarv",2011,-0.448451,NA,-0.124519207364755,-0.323931792635245
"492",NA,NA,"LSTlarv",2012,-0.218587,NA,-0.0909438534491197,-0.12764314655088
"493",NA,NA,"LSTlarv",2013,0.0738459,NA,0.107015171838014,-0.033169271838014
"494",NA,NA,"LSTlarv",2014,0.0104437,NA,0.090493637103774,-0.080049937103774
"495",NA,NA,"LSTpjuv",2011,-0.448451,NA,-0.0339715468150242,-0.414479453184976
"496",NA,NA,"LSTpjuv",2012,-0.218587,NA,-0.0518442756623529,-0.166742724337647
"497",NA,NA,"LSTpjuv",2013,0.0738459,NA,-0.0560824261121266,0.129928326112127
"498",NA,NA,"LSTpjuv",2014,0.0104437,NA,-0.0641675002429499,0.0746112002429499
"499",NA,NA,"HCIlarv",2011,-0.448451,NA,-0.110198271040395,-0.338252728959605
"500",NA,NA,"HCIlarv",2012,-0.218587,NA,-0.150034659953372,-0.0685523400466284
"501",NA,NA,"HCIlarv",2013,0.0738459,NA,-0.133100724596561,0.206946624596561
"502",NA,NA,"HCIlarv",2014,0.0104437,NA,-0.0621725199487035,0.0726162199487035
"503",NA,NA,"HCIpjuv",2011,-0.448451,NA,-0.0758868239424592,-0.372564176057541
"504",NA,NA,"HCIpjuv",2012,-0.218587,NA,-0.0722004844801262,-0.146386515519874
"505",NA,NA,"HCIpjuv",2013,0.0738459,NA,-0.104574692992388,0.178420592992388
"506",NA,NA,"HCIpjuv",2014,0.0104437,NA,-0.0268797647481658,0.0373234647481658
"507",NA,NA,"ONIpre",2011,-0.448451,NA,0.156690996412739,-0.605141996412739
"508",NA,NA,"ONIpre",2012,-0.218587,NA,-0.0292281285815852,-0.189358871418415
"509",NA,NA,"ONIpre",2013,0.0738459,NA,-0.174893532835902,0.248739432835902
"510",NA,NA,"ONIpre",2014,0.0104437,NA,-0.144136452240379,0.154580152240379
"511",NA,NA,"ONIpjuv",2011,-0.448451,NA,0.0764291921404582,-0.524880192140458
"512",NA,NA,"ONIpjuv",2012,-0.218587,NA,-0.0652471955101227,-0.153339804489877
"513",NA,NA,"ONIpjuv",2013,0.0738459,NA,0.0223822738254096,0.0514636261745904
"514",NA,NA,"ONIpjuv",2014,0.0104437,NA,-0.0993544739250697,0.10979817392507
"515",NA,NA,"PDOlarv",2011,-0.448451,NA,-0.154637256110558,-0.293813743889442
"516",NA,NA,"PDOlarv",2012,-0.218587,NA,-0.165334037816651,-0.0532529621833493
"517",NA,NA,"PDOlarv",2013,0.0738459,NA,-0.146614669831007,0.220460569831007
"518",NA,NA,"PDOlarv",2014,0.0104437,NA,-0.0401816918587256,0.0506253918587256
"519",NA,NA,"PDOpjuv",2011,-0.448451,NA,0.0393008132275883,-0.487751813227588
"520",NA,NA,"PDOpjuv",2012,-0.218587,NA,0.0424672399906164,-0.261054239990616
"521",NA,NA,"PDOpjuv",2013,0.0738459,NA,0.00733498114387787,0.0665109188561221
"522",NA,NA,"PDOpjuv",2014,0.0104437,NA,-0.0906734662754145,0.101117166275415
"523",NA,NA,"CutiSTIpjuv",2011,-0.448451,NA,0.169278552178565,-0.617729552178565
"524",NA,NA,"CutiSTIpjuv",2012,-0.218587,NA,-0.334197871238352,0.115610871238352
"525",NA,NA,"CutiSTIpjuv",2013,0.0738459,NA,-0.135744950247145,0.209590850247145
"526",NA,NA,"CutiSTIpjuv",2014,0.0104437,NA,-0.176256934965209,0.186700634965209
"527",NA,NA,"CutiTUMIpjuv",2011,-0.448451,NA,-0.0332611443780471,-0.415189855621953
"528",NA,NA,"CutiTUMIpjuv",2012,-0.218587,NA,-0.0390907148098649,-0.179496285190135
"529",NA,NA,"CutiTUMIpjuv",2013,0.0738459,NA,-0.0447100527989322,0.118555952798932
"530",NA,NA,"CutiTUMIpjuv",2014,0.0104437,NA,-0.0432982835510135,0.0537419835510135
"531",NA,NA,"BeutiTUMIpjuv",2011,-0.448451,NA,-0.0648095573617246,-0.383641442638275
"532",NA,NA,"BeutiTUMIpjuv",2012,-0.218587,NA,-0.0632972797493762,-0.155289720250624
"533",NA,NA,"BeutiTUMIpjuv",2013,0.0738459,NA,-0.0571751352113344,0.131021035211334
"534",NA,NA,"BeutiTUMIpjuv",2014,0.0104437,NA,-0.0213638105174519,0.0318075105174519
"535",NA,NA,"BeutiSTIpjuv",2011,-0.448451,NA,0.00242482606682116,-0.450875826066821
"536",NA,NA,"BeutiSTIpjuv",2012,-0.218587,NA,-0.26860876657323,0.0500217665732302
"537",NA,NA,"BeutiSTIpjuv",2013,0.0738459,NA,-0.0527867285284048,0.126632628528405
"538",NA,NA,"BeutiSTIpjuv",2014,0.0104437,NA,-0.0740078822529591,0.0844515822529591
"539",NA,NA,"X",2011,-0.448451,NA,-0.175692185639804,-0.272758814360196
"540",NA,NA,"X",2012,-0.218587,NA,-0.181011548999816,-0.0375754510001838
"541",NA,NA,"X",2013,0.0738459,NA,-0.185741923750097,0.259587823750097
"542",NA,NA,"X",2014,0.0104437,NA,-0.190227763674237,0.200671463674237
"543",NA,NA,"dfa",2011,-0.448451,NA,-0.100807792574236,-0.347643207425764
"544",NA,NA,"dfa",2012,-0.218587,NA,-0.0981117731360377,-0.120475226863962
"545",NA,NA,"dfa",2013,0.0738459,NA,-0.108900554531446,0.182746454531446
"546",NA,NA,"dfa",2014,0.0104437,NA,-0.0264322494670181,0.0368759494670181
